# Wave 0 (0 ticks after Wave 0)
# 1: Pata-Pata Formation (Diamond Shape)
301 240 10
301 190 20
301 290 20
301 140 30
301 340 30
301 90 40
301 390 40
# Bug assault
304 240 60
304 190 70
304 290 70
304 140 80
304 340 80
# Mirror Wave 0
301 240 100
301 190 110
301 290 110
301 140 120
301 340 120
301 90 130
301 390 130
# Wave 1 (300 ticks after Wave 0)
# 1: Pata-Pata Formation (Diamond Shape)
301 240 310
301 190 320
301 290 320
301 140 330
301 340 330
301 90 340
301 390 340
# Bug assault
304 240 360
304 190 370
304 290 370
304 140 380
304 340 380
# Mirror Wave 1
301 240 400
301 190 410
301 290 410
301 140 420
301 340 420
301 90 430
301 390 430
# Wave 2 (600 ticks after Wave 0)
# 1: Pata-Pata Formation (Diamond Shape)
301 240 610
301 190 620
301 290 620
301 140 630
301 340 630
301 90 640
301 390 640
# Bug assault
304 240 660
304 190 670
304 290 670
304 140 680
304 340 680
# Mirror Wave 2
301 240 700
301 190 710
301 290 710
301 140 720
301 340 720
301 90 730
301 390 730
# Wave 3 (900 ticks after Wave 0)
# 1: Pata-Pata Formation (Diamond Shape)
301 240 910
301 190 920
301 290 920
301 140 930
301 340 930
301 90 940
301 390 940
# Bug assault
304 240 960
304 190 970
304 290 970
304 140 980
304 340 980
# Mirror Wave 3
301 240 1000
301 190 1010
301 290 1010
301 140 1020
301 340 1020
301 90 1030
301 390 1030
# Wave 4 (1200 ticks after Wave 0)
# 1: Pata-Pata Formation (Diamond Shape)
301 240 1210
301 190 1220
301 290 1220
301 140 1230
301 340 1230
301 90 1240
301 390 1240
# Bug assault
304 240 1260
304 190 1270
304 290 1270
304 140 1280
304 340 1280
# Mirror Wave 4
301 240 1300
301 190 1310
301 290 1310
301 140 1320
301 340 1320
301 90 1330
301 390 1330
# Dobkeratops (boss)
307 200 1500
